3885245926756150272
1517858675076032512
702409388271104000
2150170543073558528
6533725326530005760
3993970344215526912
4328138566600726784
9045469976584860672
8901714501583920640
-2067741619953866496
7463527949258690048
-4571707626804828160
7340475181975629568
-3792484398435013888
462333521189176064
4055639053864948480
-1776463372236580352
-1395832172085877248
-4416536553277553152
-4824784344654579200
9144759026582786816
5380444856316933888
-389655307609350144
-101676275299619584
3734079176915032576
-1666742913498718976
882560581045924864
-571327231144164864
864268758275529216
4236553084014530304
1776171595700140288
1592881159920561664
-8988026446425441280
487249916513792000
2353611024706675200
-1284836213234193664
9054422374833303296
3301140681205452800
-1600678976759737856
-3948166418586786560
-2985166193614935552
8971495776393897728
146409759691098880
-3565257135965937152
317362271657238528
4034595514233946624
9195120429105841408
-2170220231552157440
-2651575624396777216
1209502900825981184
-291545739379329280
-5597492706438447872
-5872723987008192768
-3942865522094053632
-6558745996387770880
5358885261996795392
8339965330020469760
532376098746464000
-8745041633621672704
-1542484968129306112
8071981103978018048
-5784733186292937728
1541229006081757184
-2121436378021467136
2574053822026228736
-9075825063684368128
-1142407479816084736
6637874734934868736
7640319693369160960
-9075921851652665856
-3884988130416522240
7451240205974678528
5504162543793457152
-2451553671954205696
-229453703562520832
358122184182457600
-8267246284281056256
-5688072161558064640
5538103206364620544
-7569667936446398464
1634289521419934720
1105710814950010112
-6317150052327859712
8795760290557744640
-470266924345464576
-5398322173611303168
5770116761812290816
-4670523975086009344
-5296783358917729792
252821556049548544
-7397116129133490688
-8589313493581128704
1360749093158476544
-7987991422389823488
3635819270077022976
-8888231508881330176
8933605310970904576
-8103085924533054464
-7475443152155520768
-4799566718803453440
2694591372919254016
5731791219970343680
-4454015054378525184
-3009565810687261184
-7244093525629056768
-1303689344081473280
-2234378719541529088
3467961409595790080
-4263815469695868928
8538134016836872192
-1104125476189185536
1976868344299874816
6205797363438343680
5043537031203735808
5425129032669188096
-8078589030821845504
242913352318128128
-5581656392621575168
139887710338471424
8308540639528712960
8049340296551654400
4535784656260507648
-7648314611616656384
-8095838241423565568
3312318648274584832
8132422743246130432
-3482546002177232896
2701846146711764992
-9107435622367288576
7372963156800325632
3638718506033520128
-9024719524286774784
-8359641720126595840
7800874760170348544
-8173291450465104128
-2052605133667619072
-5886490112318070016
1272581480006112000
7992472479196250112
356190072933945600
4818970027543747328
-7643642590562178816
6971777023227773440
-6486504729842025216
4804413930622948096
-1946046216095549696
2237443336553724672
6683732148621658880
2125352610485558528
6279206439816206080
8299095123121629696
-7908250145565821184
-2692272887865084672
-2542284983408463360
3978493672840246784
-5083010220696547584
6455924364486408704
9020220254589328896
-5457621077103915776
-253082006350588672
-2142631265501117440
2721549601032226304
-1524462608576194816
-4972919769654809088
-760676990189391872
-5646882012804202496
2789538099715604992
745429578358816000
-7344198446281624064
-5821794767911563520
-1263854352185302272
-9138769381457302528
29127365568366080
-7644523360038321408
-2434639487651453952
7351781270441032448
-2469448222542980864
-2802002178346597888
843940958695830784
-7506611505194621184
-2642643664471869952
-3150039149157230336
6045967042168296448
-8460410466429346304
3530307352967547136
-7783313718715937024
-6932896572205605632
4997325450076892416
-4931336253224102144
3833992724597257728
-6964849927709952768
5842819099748538624
9086811928079027456
5045022923958417920
3957160146960826112
1886186123622991360
-4925311657564680960
8268517502530043648
1109814889435376896
5796958380357512704
-2633231430462690048
-4684123717698681856
-2755945597732212224
-4007127625421746944
-4029959718954544896
-6692051511667954432
8913329007244856320
-780265784673693440
2174541675584623104
6002885805828181760
2098947276927384320
5058381272016922112
7427447558507867392
-7744973428379176192
-4913942355603258624
-519118716950680320
-2070496387233026816
5007111692836068608
8322396393656308992
-6013884151923214848
7724819955292577024
7391488877636289792
-8961388738526596864
2663556307859870208
7834023317160792576
2140116624428199936
-519293618077822464
-668609857870897920
5391198009246908928
7783442696276134144
-8417709509921047040
6757006450335153664
1924734187536100608
2575075563930347776
3807953203713868032
5283200576090791680
1045535700174786816
-5798204656956527616
3291625446486221824
-6518416209474592256
-5315223365939096576
6973861534797198080
7728346229147100928
-1775153162376865024
3872711850017369600
-1176472758673895424
-3554901429022988032
3113095820704494848
-5258382581847113472
3712364390033244416
-8883807322360002560
-8960295172211530752
-8217415681792064512
-3395941543015257600
-337523644786489088
6265097240726499328
6945896187789463808
-3214675947881081088
7122195510570792448
-7904990099979182848
-389318987337021184
-3979295880806542336
7075667316675056896
7776004869819846656
-4450881077517423616
2239939276077020928
-6065137379418943744
5358568200613633280
1496612098081320704
-3672247932292701952
2824820321297826048
-1927786450531704832
1487904373943441664
1317881084929362944
3807613880678246400
-3161356250122715392
-3998367571127339520
-5280832617179597312
7746140956558535680
-715903760024711936
-3189831251369173760
121980369712521472
1536426098984921344
-6590446094928792576
-4434620658821639424
-4019468047447181568
-3622436442247562240
-5934224231516942592
-871864313722092800
2081119615965120768
5927275302134819584
3251317404407723520
-1829154443641969664
-2715074653980618496
465045085672632832
-6999909591628460032
1990727584622583040
6760423770215654912
-6128141971930230528
8831552106248773120
-5368961795342856704
6114021793422242560
3107873190201115392
-8641713164102473472
293570234945481472
3215599105973022208
-5854115242194909696
768660983512667392
2682842398171035904
9184707590698073344
-5636897659250000896
2468437371106262272
7815879932959980288
3132910487789200128
-2619868159683330048
-2630002621891203584
-3800557098589621504
-7431364147605455104
-5713282965657212160
6379347806045308928
-6879344199924866560
-3329363496639747072
-6681245420247855104
-4785475065606953472
-2659451477610118144
5650714008854082816
-6631039968321545728
-1162662518534734848
-1555383088841203712
-6120881937783223040
2649573213856977664
9182551970786749696
-3514214468983089408
-2693137281407881728
-3153365568898306560
7027888032842260480
-7201747433199448832
1518988853347400704
8195371323480769792
-3983122001338148864
-1906038215406502144
5537607001682314752
5371781583370081536
-8882290067098534144
-4518553876179181824
-6230449861856220928
173739942088100096
-242287879585414400
-5674909409109626624
-1238713528435932672
3515889920646626816
-8211486936988722176
3500657491492653056
-8633165442160704512
-1197149176259140608
-7628279421685925888
8064922083551903744
-801630684604447744
-3871086208198599680
593730567203901440
8800768458884961536
-4568113678546406912
-2553429914569026816
-5076905870258189312
-8768150765187706368
-912133003927772672
-3307512965113488128
-7033980523546611456
6404699721603644672
7847921867563982336
9142867283689598464
6651045496303830016
-251344879133138944
-2988973756961373440
2694178073948997376
-7908039996513124608
-6419718031553590272
6957303948911833088
5343243561526533376
-1688350973332307968
3375118935250615296
4612412734140037376
-350446666878147840
-5177445954309289984
3591240467214545664
3816507711138922496
6745490360231270400
-1129200807553502208
2018341558531725056
6858593596615240960
7063468820401147392
-1214200336475676416
-8732269421222970880
-2330173439200391424
4916554383558287104
-9197839844920625920
-3358626249998781440
-2068572025724688896
8331529209866342912
4438174527192056832
-661430316915645696
7891175746180167168
4994367230429212672
-3750203691252012544
-3378121094519441664
-4992977142948474624
6117811254524701696
-1612239692780533760
2507686141240127744
4798796549753014272
174808283992403456
4755288533224663040
8167148125634216448
6610176127881498112
5994647896019369984
-3090209170364963328
-7193154559028317440
1389663384769692672
-3985606913651741952
-323348500050379008
-3013061806324555008
-5025167828870455808
-8821047631742379520
5500763868256646144
-279458071831233280
8863628093477676544
-7455961293494875648
-1433034504955660800
5370441442467405568
4657677111782481152
-6200782146558778368
-6516696475217914112
-3646129213270884096
2023464226614377472
-7380389557826594560
-5024001085848189440
2946880729670248448
3283459459264957184
543538116817980672
-7148661710544044800
-6683620255336926464
3179157413580553728
2445708795557153792
7236310945178731264
-3876736327172794880
4256667424603595264
2718358186617041920
-410456983418926080
996520033845523712
-4326657485390236416
-6545539039049507328
204047102650103040
-6502745828175631360
-6984483789450246912
-6018812146221235968
-1405322151227049984
-7167712831537554688
4984743341196950528
-6689260097751318016
1552233790365307904
3062485252323023360
9073923879097850880
-6483697159560714752
573578256376378112
3036804743638506752
-7538370836526063104
-5574287437053172992
-6659556681788275456
-675456000616672768
-6347693109612146176
-7131681565316618496
-6061805165037552384
-2430590684366754048
-9060900048115091712
-2692009638458976256
730111975274642944
-5302557887489191680
-7224298317550022400
7026422159130903808
444508183993811712
-4073748066487911680
-5483967179987065600
-8298234790358418688
-6392489113284037120
-3758189666354561280
-9115859128755332608
-6824652665743309056
6395073389929685504
-3384624406909236736
4596341471703921152
-4685554029819371264
-1653823844923445504
-3933295155099331072
6301762997499303680
-1664755382910958592
8383592580815806720
-2276917529754960640
-575281392572083968
-5807760109012952064
525410297462480896
4333396864135311616
847508076114502144
-1557691850468122880
5515984075782928896
8185394482220749312
8346785877340338688
-1457293303849804288
-7175655070728312832
-2125159589878470144
-8801527822015916544
1506620106499303424
-3587852317737089536
-6268612282920447232
-3911659624921148416
-4501259338595089408
-2117883086765601280
-1020514883718785536
6519040811186860032
8133455026806878720
1916190117318160896
-3195614034084630272
-2518788544918824704
-502631799925945344
4026099986002372096
3510785883310127104
-6912472879168895232
7384244394873108480
-9081896329761977344
-2793462293668299264
8758006166752444672
-6645623912192397312
4402776942316889600
-8167522659393239808
-3369695696359655680
4404707003209669888
-726597626767523328
2857124616222491392
8149446239723483392
-6808590998345205248
5753520957840869376
1009457995728540160
1706097887041728768
-7878000847284037632
2422525543441565440
5195670424676619264
-8713193460270145280
6764305542592221696
-4488867246152707840
-9088986711746924288
-8904818113036333824
4075924424834232832
-5214573986393582848
-539351476782946560
-3480409174767454720
5047600125514119936
-2796569427639945472
-1100576186444549888
4800847316598398464
-8733878975188555008
1178300832464354048
7063065071015172864
6425527855520651520
-4623535021168772096
8257448230630392320
3927451712141318912
1541507166680436992
3773301052877694208
-6283846870172795392
-8837365840623679488
2035744013131150592
8650139499949160448
630479726353584384
7490057923143678464
4204958646891889152
-1151452516587170816
-2460275961140115712
3942268139949778688
-5763115541267795200
128082328965090048
-891707170659996416
2873065527992478464
-882352871782551040
3647539207733977088
6152670166639437056
2414396080635788800
9154605650752442112
9222942164726985472
7224934062196164864
-6002320881087844352
2679080912474380288
3914433566044265472
-3745367438634457344
-7018861144974047488
8756650845953770240
-6497278642676460032
-6228447339776449280
-818235265175394560
-2182611174215820544
610257941326634240
325732117514733824
-460919347452289280
-2279959541715304192
-2257188042915884032
9042420657050610944
867487367060896256
455981135932881920
3808980506879333376
-4814068408843087104
3813735599410242560
-757485978856437504
4665636990340128000
-6464585350449158912
-1643330654636731648
5926938166414501120
8675611824982136832
-5322271734257561088
9045810268856027648
-273842988487174400
-4332565911276104448
6496796416575598080
-6825911018050287872
-1251639958394645504
-8180503892376812544
-4977290086393645568
6604412263835235584
-185934189720240384
5270813200200206848
-4821892205962676736
-6820174748156577536
2035927194048091136
6899375815940994560
-5640084561824754176
-8120750915933050624
-5109920303366110720
-5458783311863129344
597179524178549760
-4700800221807248640
7400993408491531264
4969886895987061504
442848728198283776
-3603103651539936256
-6337347873759848704
-5994446485610519808
238915662276815616
451314822519833344
5329500372883846656
-5141058124956761600
4727085630629592576
-1810130634160128256
5511979925077672448
4504041526677102848
3534664918066687232
7072578669633900288
-5475974388572415744
-452639588575357696
-7968402896009085440
3001029710271265280
9128318773126737152
-1694453518178433536
-2052196952930296832
-5107448905489087744
180672024835176448
-6092396536628603648
3166115828483695104
162052521743735808
-4781270546983341056
5333912219694841600
5685785950104553984
9009889145448064512
-1835005314280649216
-833080741131127040
5988918493499739392
3770477263272631296
1288213789993068032
-301466018343170048
-5007424374494669824
986572744908117248
1636077243852998400
-6153253986849057792
811276053605744640
1513967305547014912
8101117129931751680
2376779320680440832
-2533848768629236736
5158532907927786496
-8078899843481885184
4728530417154610944
-8828021668523725312
2405531335612454144
7973890796865940992
-6942351033683397120
4781085879177408512
5544663896015897088
2077581218880470272
6346831097472851200
-7229672688833646592
1834287529366976000
-1947439388499368704
8241155506094934528
1586608908643063296
-3465028992944401920
-7561825410991437568
-2359374644721421824
3903764453991723008
-8267636031576155904
996647251860461568
-2159586151589393152
9089494608653555968
4085810981153743616
7814205497308541184
893882535232898816
-6944656592455360768
2939881913713638144
-7623620012904380928
6523981400759402752
2183866113335033344
6520532295509928960
-6530529370664556544
-5716863505820736256
-805955563880253952
-8545616026543441920
4384053670698164224
-5259299075702173696
-269404948953043200
-4751449370666894592
-1806985528608094208
1149384500146429184
-6267922587713343232
-2696880638851162368
337532391886653696
-3063806920277113088
-7321364040797796096
-550126504580416512
3540662630210603776
359687516944114688
3452807585088323840
-4579547000441679616
7392785426338021120
-600836429016568064
8869840427773203712
-2767060928646732544
911471167102471680
30767160609503744
-8030561289139029760
-7101117467217768448
3564525279367977728
-6850635491792690688
3601711758347266304
-5287783031975170304
-5760665499094290944
8371350030037366784
6842006530314611200
-8300282489095379712
-8173671511269500928
7081680764027715584
-1135618455462670080
3517998943607623936
-8860317444323905536
5017972910971787008
-3033373750117367808
7345826826212111616
8718297332195164672
-3377346013953174272
-5759823817383502592
-6169340496552685824
-1808530166872327424
8511681161606150656
-2196598652481788928
-4983276995119998208
5021910246035060736
3052454865631810048
3946707016327456512
-4026105055130082560
5846595103062811392
4725980455913524224
8231250437773856000
-4179197311716584192
9148208583856774912
6953259883823314176
7196491977375138304
6821180022174577152
-6389724139685593856
-3876523992943956992
2682706407582500864
1403430766222545152
-108428592578628608
4929135351453472000
6220678179957579264
-570213629771138304
-1088865770799860480
-8136499407149620992
-7083784133468280064
4518960630872664576
6605014307860577280
3834407022141611776
2999617666153027840
5695182180226964992
4361093372600581120
1393094562661762560
5397913809002554368
278792875574456576
4021675325984186624
869448329443270912
-835248096407091200
-2327080220835094528
5856895013910149888
7344309568640721408
-72583948567090944
1079735826303265536
-5349355965318413056
2339345238110842880
4652475726051525888
-1233351831715808000
-5986780183260745728
5325966516497612288
7258065443095548160
-8886452511519390464
-3778500148535879680
5915716902659206912
-218023153632807168
-9196292169922006528
585501879258710272
2933682257429811968
-7088885557286124288
-8049025890149422592
-7211026183907459072
951090207425465856
-1742754265247656448
-693580908316620544
7126097630540506880
6458051828085002240
6282416734421536000
1794663904353201152
-7615768309521636608
8329320516141521152
4981434948324238336
7067770522411193088
6262648123062494976
5822447813158457600
694057327263543296
-561334348879964416
-1269766192416752640
4224572863232436480
2542666348007571200
-69560156803608832
228866195154099712
2274602747329656576
4665678662868722176
1856792086649952768
7527981837063944704
3662626712014199296
5082373664834036224
-1602249747646245632
1257288599847496704
2958984668209344256
8905152421537795840
-2100631810767077120
7890389349417223168
8736790537947211520
3864118660531131648
668346609085581824
2308335211732812800
870794926304395264
6568320691773307648
7396046569557830656
-8274689671736495616
6540083128831069440
-6748403880691484672
-6043872182848169472
-6452277689183796224
-7744143558665844992
971141502485775616
4202491603462582272
-5560413815200177920
2460859744922394368
7359739254909134848
6682726660408861696
-857614289156732928
-1282851318773170944
8426418854755200256
2569152279672385024
-3061192783389637632
8283450709818102528
5397385351111523072
5315747631479376128
-5088222416099079168
9054604841545747200
8380628956800666624
-4767078276467309824
-342968089452982272
-5990472884891885824
822766814052081920
-3208275667687075840
6270950729312174592
3129347549785439488
4840895111408101888
-1343315844689530624
-8522551507209816832
8975598765376907008
-3220414122964065536
-2015619618454080512
4498943812079770880
-2255784199112347904
5487105593419488256
6351194422303738624
-7452164557949255680
-7423323079045028352
6894560084351643904
8481553579693600000
-8990174485274336256
-6592384877758934272
-3164254092869513472
8954944547690693888
7290548294034877440
-8884660623043238144
2878773561296993536
6876336828983756544
1266967934026576896
-5443019743657033728
2496100322371578624
-800538424419155200
785630809815517696
-5339886103807054848
-2140377794542626560
3862884068455640576
-2899871888300020224
-4399668207774498816
5619711937563263744
-6704026948753957888
-178692171546265088
-585466674158473728
1972893782942297856
-737883790023741696
-6477251428960595200
5274922601567326464
8125645894634442752
-4508794234281506816
4809090638809707264
3638491564281236736
-6943462735414305024
7403592877347366912
8634957906693169408
-338987917439424000
-6214884079749743872
-6508357916123469568
-8788939084199576064
-7425053339087271168
3260579825536263424
5845343911890588160
2857295112468775936
8468037912232304128
1251031769421766144
-5164226704264637440
-4944786456313395968
-4642740440805790464
-2424236483206382336
6727667367193554176
4654596372838231296
3931209361886467840
2007895195153039360
-7629322184559239936
3595095894483902208
5761136267525327104
603473633576861952
-6422916494373560832
1587797835119851264
691810177305409024
-3623783072059886336
-4171980050597197056
716947992335748864
-3844031066532215296
5882485341927957248
7929506457633212672
-8715217871424065792
8171663893738601984
-6333996510250887680
-744249042763833600
4566151940113430272
8472662940605649664
-9025006464004564480
-2363638305339083520
-665390321711805440
5123399894340270336
-6505665451224033280
-7739516462243368448
2971894433367559168
-7920111625899880448
7622301854800998656
878613543336918272
-3379472097933803776
7110901803302745088
3833750967665381888
4426000453754096384
-6236951320132204032
5061048888698686720
-6596727855901698304
-7271332137386744320
-539852442785794816
1067797615007906560
6965835409388551424
